# Correlation Coefficient <rho_1(r)*rho_2(r)>
     1      2      3      4      5      6      7      8      9     10    average
 1.000  0.876  0.875  0.660  0.718  0.580  0.648  0.808  0.839  0.614  0.762
 0.876  1.000  0.897  0.651  0.649  0.623  0.655  0.783  0.795  0.552  0.748
 0.875  0.897  1.000  0.658  0.692  0.596  0.652  0.882  0.850  0.534  0.764
 0.660  0.651  0.658  1.000  0.864  0.925  0.745  0.690  0.707  0.740  0.764
 0.718  0.649  0.692  0.864  1.000  0.703  0.706  0.712  0.781  0.773  0.760
 0.580  0.623  0.596  0.925  0.703  1.000  0.754  0.578  0.574  0.676  0.701
 0.648  0.655  0.652  0.745  0.706  0.754  1.000  0.555  0.574  0.754  0.704
 0.808  0.783  0.882  0.690  0.712  0.578  0.555  1.000  0.933  0.544  0.748
 0.839  0.795  0.850  0.707  0.781  0.574  0.574  0.933  1.000  0.554  0.761
 0.614  0.552  0.534  0.740  0.773  0.676  0.754  0.544  0.554  1.000  0.674
