# Correlation Coefficient <rho_1(r)*rho_2(r)>
     1      2      3      4      5      6      7      8      9     10    average
 1.000  0.928  0.940  0.925  0.966  0.902  0.959  0.934  0.897  0.950  0.940
 0.928  1.000  0.931  0.925  0.928  0.891  0.920  0.885  0.849  0.934  0.919
 0.940  0.931  1.000  0.932  0.943  0.919  0.927  0.900  0.878  0.942  0.931
 0.925  0.925  0.932  1.000  0.911  0.857  0.898  0.864  0.836  0.900  0.905
 0.966  0.928  0.943  0.911  1.000  0.894  0.949  0.964  0.894  0.948  0.940
 0.902  0.891  0.919  0.857  0.894  1.000  0.897  0.877  0.848  0.908  0.899
 0.959  0.920  0.927  0.898  0.949  0.897  1.000  0.899  0.870  0.930  0.925
 0.934  0.885  0.900  0.864  0.964  0.877  0.899  1.000  0.880  0.901  0.910
 0.897  0.849  0.878  0.836  0.894  0.848  0.870  0.880  1.000  0.892  0.885
 0.950  0.934  0.942  0.900  0.948  0.908  0.930  0.901  0.892  1.000  0.930
